1 -0.0314405 0.00751572
2 -0.0640526 0.0328266
3 -0.0425057 -0.010474
4 -0.00666327 -0.0355363
5 -0.00424408 -0.00210883
6 0.0810165 -0.0850313
7 0.207837 -0.126799
8 0.25972 -0.0521213
9 0.256143 0.00308256
10 0.133616 0.121899
11 -0.046608 0.179642
12 -0.0310282 -0.0161302
13 -0.0166772 -0.0148846
14 -0.00224078 -0.0149679
15 0.00313678 -0.00591211
16 -0.118239 0.120959
17 -0.178811 0.060335
18 -0.193224 0.0143685
19 -0.17227 -0.0208263
20 -0.138419 -0.033584
21 -0.0949153 -0.0431426
22 -0.0532779 -0.0412228
23 -0.0178051 -0.0350404
24 0.00609869 -0.0234775
25 0.0214377 -0.0149341
26 0.0282041 -0.00638974
27 -0.0559259 0.0845626
28 -0.184933 0.129625
29 -0.241365 0.0572906
30 -0.244047 0.00378535
31 -0.11941 -0.123415
32 0.0491602 -0.167397
33 0.030396 0.019907
34 0.0141313 0.0173933
35 0.00161474 0.0136437
36 -0.00282529 0.0055699
37 0.114329 -0.116139
38 0.175421 -0.0602515
39 0.191615 -0.0155455
40 0.174218 0.0178711
41 0.138153 0.0364008
42 0.092912 0.0454846
43 0.0537143 0.0393872
44 0.0192785 0.034606
45 -0.00569366 1.2
46 -0.0214019 0.0158999
47 -0.02896 0.00777871
48 -0.0161236 -0.0125997
49 -0.0209121 0.00504616
50 -0.0206598 2.59959e-05
51 -0.0399327 0.019591
