1 -2.87651 0 0.265879
2 -2.59467 0 0.289419
3 -2.20512 0 0.334392
4 -1.82287 0 0.350746
5 -1.31311 0 0.362602
6 -0.996438 0 0.374497
7 -0.785346 0 0.383407
8 -0.624048 0 0.390145
9 -0.494936 0 0.395416
10 -0.396232 0 0.399683
11 -0.330025 0 0.403308
12 -0.270055 0 0.406071
13 -0.217965 0 0.408329
14 -0.173281 0 0.410136
15 -0.140799 0 0.411666
16 -0.111296 0 0.412809
17 -0.0967628 0 0.413926
18 -0.0746486 0 0.414597
19 -0.0566813 0 0.415205
20 -0.0449408 0 0.415717
21 -0.0352452 0 0.41609
22 -0.0275731 0 0.416386
23 -0.0206416 0 0.416599
24 -0.0158083 0 0.416778
25 -0.0118557 0 0.416906
26 -0.00878103 0 0.417002
27 -0.00647826 0 0.417075
28 -0.00849453 0 0.417203
29 -0.00963955 0 0.417291
30 -0.00443814 0 0.417272
31 -0.00216105 0 0.417323
32 -0.100862 0 0.419341
33 -0.039732 0 0.41814
34 -0.0172603 0 0.418699
35 -0.00108032 0 0.418773
36 0.00973863 0 0.418729
37 0.0149407 0 0.418636
38 0.0106712 0 0.418624
39 0.0151454 0 0.418385
40 0.0161177 0 0.418259
41 0.0151681 0 0.418126
42 0.0135768 0 0.417997
43 0.0119766 0 0.417877
44 0.0106365 0 0.417768
45 0.00917408 0 1
46 0.125789 0 0.415331
47 -2.97937 0 0.477342
48 -2.99719 0 0.476441
49 -2.96929 0 0.505677
50 -2.97058 0 0.535674
51 -2.97083 0 0.565372
